114
114
114
114
114
114
114.857
114.857
114.857
114.857
114.857
114.857
114.857
114.857
114.857
114.857
114.857
114.857
114.857
114.857
114.857
114
114
113.143
112.286
112.286
112.286
112.286
110.571
110.571
108.857
108
107.143
105.429
105.429
103.714
103.714
102.857
102
101.143
100.286
100.286
98.5714
98.5714
97.7142
96.8571
95.9999
95.1428
94.2856
93.4285
92.5713
91.7142
91.7142
91.7142
91.7142
90.857
89.9999
89.9999
89.9999
89.1427
89.1427
88.2856
87.4284
87.4284
86.5713
86.5713
86.5713
85.7141
85.7141
85.7141
85.7141
85.7141
85.7141
85.7141
84.857
84.857
84.857
84.857
83.9999
83.9999
83.9999
83.9999
83.9999
83.9999
83.1427
83.1427
82.2856
81.4284
80.5713
79.7141
79.7141
78.857
78.857
77.1427
77.1427
76.2855
76.2855
75.4284
74.5712
73.7141
72.8569
71.9998
71.9998
71.1426
71.1426
71.1426
71.1426
71.9998
72.8569
74.5712
75.4284
76.2855
78.857
80.5713
80.5713
83.1427
84.857
85.7141
86.5713
87.4284
89.1427
89.1427
89.9999
89.9999
89.9999
89.9999
89.9999
89.9999
